00000000000000000100000000100101
00000000000110000101000000100000
00000001101110000100100000100010
00000001001110000100100000100010
00000001011011000101000000100000
00000001000110010100000000100000
00000001001110000100100000100010
00000000000010010000100000101010
00000000000001000010000000100100
00000000000011010010100000100000
00000010000110001000000000100010
00000001000000000100000000100100
00000001000010000100100000100000
00000001001010010100100000100000
00000000100010010101000000100000
00000001000110000100000000100000
00000001000001010000100000101010
00000000000000001100000000100111
